1 40 0
0 0.0 0.0
1 -10.0 -10.0
2 -10.0 0.0
3 -10.0 10.0
4 0.0 -10.0
5 0.0 10.0
6 10.0 -10.0
7 10.0 0.0
8 10.0 10.0
9 -20.0 -20.0
10 -20.0 0.0
11 -20.0 20.0
12 0.0 -20.0
13 0.0 20.0
14 20.0 -20.0
15 20.0 0.0
16 20.0 20.0
17 -30.0 -30.0
18 -30.0 0.0
19 -30.0 30.0
20 0.0 -30.0
21 0.0 30.0
22 30.0 -30.0
23 30.0 0.0
24 30.0 30.0
25 -40.0 -40.0
26 -40.0 0.0
27 -40.0 40.0
28 0.0 -40.0
29 0.0 40.0
30 40.0 -40.0
31 40.0 0.0
32 40.0 40.0
33 -50.0 -50.0
34 -50.0 0.0
35 -50.0 50.0
36 0.0 -50.0
37 0.0 50.0
38 50.0 -50.0
39 50.0 0.0
40 50.0 50.0

