2 30 7
0 6.229 10.59
1 32.663 44.73
2 33.588 30.75
3 48.828 65.314
4 86.176 59.344
5 39.27 -33.057
6 -23.37 86.853
7 48.132 95.593
8 -16.357 93.311
9 -57.703 -65.601
10 7.147 32.684
11 42.95 68.701
12 37.085 -2.112
13 77.759 55.817
14 -17.462 -56.567
15 58.575 59.888
16 57.776 15.344
17 -22.327 36.072
18 -7.08 30.493
19 55.658 60.425
20 -14.307 11.456
21 -29.724 24.268
22 43.219 0.739
23 45.184 35.474
24 64.484 2.24
25 55.078 72.241
26 16.925 15.741
27 45.038 -3.723
28 -76.782 5.939
29 36.169 0.256
30 29.218 8.936
31 65.057 5.225
4 5 
5 6 
6 7 
7 8 
8 9 
9 10 
10 11 
