2 41 2
0 15.0 35.0
1 55.0 35.0
2 41.0 49.0
3 35.0 17.0
4 55.0 45.0
5 55.0 20.0
6 15.0 30.0
7 25.0 30.0
8 20.0 50.0
9 10.0 43.0
10 55.0 60.0
11 30.0 60.0
12 20.0 65.0
13 50.0 35.0
14 30.0 25.0
15 15.0 10.0
16 30.0 5.0
17 10.0 20.0
18 5.0 30.0
19 20.0 40.0
20 15.0 60.0
21 45.0 65.0
22 45.0 20.0
23 45.0 10.0
24 55.0 5.0
25 65.0 35.0
26 65.0 20.0
27 45.0 30.0
28 35.0 40.0
29 41.0 37.0
30 64.0 42.0
31 40.0 60.0
32 31.0 52.0
33 35.0 69.0
34 53.0 52.0
35 65.0 55.0
36 63.0 65.0
37 2.0 60.0
38 20.0 20.0
39 5.0 5.0
40 60.0 12.0
41 40.0 25.0
42 42.0 7.0
4 5 
5 6 
