2 41 2
0 40.0 40.0
1 50.0 22.0
2 22.0 22.0
3 36.0 26.0
4 21.0 45.0
5 45.0 35.0
6 55.0 20.0
7 33.0 34.0
8 50.0 50.0
9 55.0 45.0
10 26.0 59.0
11 40.0 66.0
12 55.0 65.0
13 35.0 51.0
14 62.0 35.0
15 62.0 57.0
16 62.0 24.0
17 21.0 36.0
18 33.0 44.0
19 9.0 56.0
20 62.0 48.0
21 66.0 14.0
22 44.0 13.0
23 26.0 13.0
24 11.0 28.0
25 7.0 43.0
26 17.0 64.0
27 41.0 46.0
28 55.0 34.0
29 35.0 16.0
30 52.0 26.0
31 43.0 26.0
32 31.0 76.0
33 22.0 53.0
34 26.0 29.0
35 50.0 40.0
36 55.0 50.0
37 54.0 10.0
38 60.0 15.0
39 47.0 66.0
40 30.0 60.0
41 30.0 50.0
42 12.0 17.0
5 6 
6 7 
